img,MSE,PSNR,SSIM,CosSimilarity
_,0.0000,1.0000,361.2020,1.0000
im_scaled_2.5,16.2885,0.9519,86.0120,0.1542
im_scaled_2,14.6217,0.9549,86.4808,0.2326
im_scaled_1.6,12.6547,0.9591,87.1083,0.3388
im_scaled_1.25,10.5721,0.9647,87.8892,0.4533
im_scaled_0.8,10.6181,0.9682,87.8703,0.4639
im_scaled_0.625,12.5073,0.9640,87.1592,0.3730
im_scaled_0.5,13.6961,0.9601,86.7648,0.2902
im_scaled_0.4,14.7011,0.9546,86.4573,0.2064
im_scaled_0.25,15.3635,0.9476,86.2659,0.0830
im_scaled_0.2,14.1933,0.9519,86.6100,0.0339
GaussNoise_std_0.1,12.2164,0.9635,87.2614,0.3742
GaussNoise_std_0.3,12.5784,0.9616,87.1345,0.3634
GaussNoise_std_0.5,14.0889,0.9565,86.6420,0.2837
GaussNoise_std_0.7,14.7310,0.9537,86.4485,0.2582
GaussNoise_std_0.9,14.7769,0.9511,86.4350,0.2574
GaussNoise_std_1.1,15.5423,0.9493,86.2157,0.2117
SaltPepperNoise_0.02,7.1377,0.9831,89.5952,0.6780
SaltPepperNoise_0.04,7.4125,0.9822,89.4311,0.6674
SaltPepperNoise_0.06,7.8163,0.9798,89.2008,0.6496
SaltPepperNoise_0.08,8.1281,0.9787,89.0309,0.6343
SaltPepperNoise_0.10,8.1563,0.9768,89.0159,0.6320
SaltPepperNoise_0.12,8.9385,0.9750,88.6182,0.5974
SpeckleNoise_0.2,13.7127,0.9607,86.7596,0.3058
SpeckleNoise_0.3,13.7635,0.9604,86.7435,0.3059
SpeckleNoise_0.4,13.8839,0.9606,86.7057,0.3045
SpeckleNoise_0.5,13.7179,0.9596,86.7579,0.3044
SpeckleNoise_0.6,13.7943,0.9594,86.7338,0.2967
SpeckleNoise_0.7,13.8992,0.9600,86.7009,0.2931
GaussBlur_5,11.3242,0.9649,87.5907,0.4290
GaussBlur_7,13.4010,0.9619,86.8594,0.3320
GaussBlur_9,15.3895,0.9595,86.2586,0.2485
GaussBlur_11,16.8771,0.9574,85.8578,0.1836
GaussBlur_13,18.1927,0.9555,85.5318,0.1319
GaussBlur_15,19.1928,0.9541,85.2994,0.1030
ColorReduce_32,8.8985,0.9791,88.6377,0.5985
ColorReduce_16,8.2813,0.9799,88.9498,0.6261
ColorReduce_8,9.9800,0.9774,88.1395,0.5549
ColorReduce_4,9.9757,0.9774,88.1414,0.5551
im_scaled_2.5,21.3357,0.9444,84.8397,0.1377
im_scaled_2,18.6222,0.9475,85.4305,0.2268
im_scaled_1.6,16.3602,0.9511,85.9929,0.3230
im_scaled_1.25,14.1792,0.9571,86.6143,0.4206
im_scaled_0.8,13.7326,0.9607,86.7533,0.4496
im_scaled_0.625,15.5836,0.9561,86.2041,0.3652
im_scaled_0.5,17.2083,0.9505,85.7734,0.2886
im_scaled_0.4,19.4542,0.9440,85.2407,0.1763
im_scaled_0.25,17.8119,0.9428,85.6237,0.0815
im_scaled_0.2,16.8713,0.9477,85.8593,0.0352
GaussNoise_std_0.1,14.6158,0.9586,86.4826,0.4139
GaussNoise_std_0.3,15.1740,0.9550,86.3198,0.3933
GaussNoise_std_0.5,16.3682,0.9496,85.9908,0.3457
GaussNoise_std_0.7,16.8993,0.9457,85.8521,0.3154
GaussNoise_std_0.9,18.2994,0.9433,85.5064,0.2689
GaussNoise_std_1.1,19.2105,0.9413,85.2954,0.2335
SaltPepperNoise_0.02,8.1472,0.9811,89.0207,0.7077
SaltPepperNoise_0.04,8.3276,0.9797,88.9256,0.6999
SaltPepperNoise_0.06,8.8331,0.9775,88.6697,0.6817
SaltPepperNoise_0.08,9.0001,0.9761,88.5883,0.6772
SaltPepperNoise_0.10,9.5283,0.9736,88.3407,0.6566
SaltPepperNoise_0.12,9.5727,0.9717,88.3205,0.6528
SpeckleNoise_0.2,16.4301,0.9541,85.9744,0.3471
SpeckleNoise_0.3,16.4393,0.9542,85.9720,0.3405
SpeckleNoise_0.4,16.1070,0.9543,86.0607,0.3552
SpeckleNoise_0.5,16.6322,0.9537,85.9213,0.3350
SpeckleNoise_0.6,16.2316,0.9545,86.0272,0.3541
SpeckleNoise_0.7,16.3982,0.9543,85.9829,0.3451
GaussBlur_5,13.6679,0.9588,86.7738,0.4531
GaussBlur_7,16.4894,0.9551,85.9588,0.3519
GaussBlur_9,18.0358,0.9530,85.5695,0.2944
GaussBlur_11,20.1083,0.9507,85.0971,0.2242
GaussBlur_13,21.6924,0.9484,84.7677,0.1720
GaussBlur_15,23.1780,0.9464,84.4800,0.1284
ColorReduce_32,9.7356,0.9768,88.2472,0.6549
ColorReduce_16,9.6665,0.9775,88.2781,0.6584
ColorReduce_8,9.6665,0.9775,88.2781,0.6584
ColorReduce_4,9.7141,0.9774,88.2568,0.6566
im_scaled_2.5,21.6976,0.9592,84.7667,0.2464
im_scaled_2,21.7989,0.9581,84.7465,0.2415
im_scaled_1.6,20.7836,0.9587,84.9536,0.2625
im_scaled_1.25,18.7321,0.9609,85.4049,0.3144
im_scaled_0.8,17.8597,0.9597,85.6121,0.3178
im_scaled_0.625,18.5896,0.9546,85.4381,0.2678
im_scaled_0.5,19.0629,0.9490,85.3289,0.2131
im_scaled_0.4,20.2914,0.9437,85.0577,0.1386
im_scaled_0.25,20.4125,0.9369,85.0318,0.0678
im_scaled_0.2,19.4948,0.9349,85.2316,0.0316
GaussNoise_std_0.1,18.9425,0.9593,85.3564,0.2861
GaussNoise_std_0.3,19.3004,0.9533,85.2751,0.2644
GaussNoise_std_0.5,18.5293,0.9479,85.4522,0.2784
GaussNoise_std_0.7,18.9788,0.9439,85.3481,0.2597
GaussNoise_std_0.9,19.2464,0.9411,85.2873,0.2374
GaussNoise_std_1.1,19.7254,0.9389,85.1806,0.2219
SaltPepperNoise_0.02,10.7105,0.9746,87.8327,0.6171
SaltPepperNoise_0.04,10.7126,0.9720,87.8318,0.6142
SaltPepperNoise_0.06,11.2467,0.9691,87.6205,0.5943
SaltPepperNoise_0.08,11.1872,0.9668,87.6436,0.5961
SaltPepperNoise_0.10,10.9348,0.9656,87.7427,0.6030
SaltPepperNoise_0.12,11.6636,0.9632,87.4625,0.5729
SpeckleNoise_0.2,20.0715,0.9560,85.1050,0.2434
SpeckleNoise_0.3,20.4009,0.9561,85.0343,0.2383
SpeckleNoise_0.4,20.2703,0.9558,85.0622,0.2366
SpeckleNoise_0.5,20.0745,0.9561,85.1044,0.2412
SpeckleNoise_0.6,20.0038,0.9563,85.1197,0.2455
SpeckleNoise_0.7,20.2421,0.9555,85.0682,0.2376
GaussBlur_5,17.6762,0.9609,85.6569,0.3402
GaussBlur_7,19.0329,0.9581,85.3358,0.2883
GaussBlur_9,20.5265,0.9553,85.0077,0.2349
GaussBlur_11,21.6704,0.9527,84.7721,0.1916
GaussBlur_13,22.4864,0.9500,84.6116,0.1611
GaussBlur_15,23.3507,0.9474,84.4478,0.1320
ColorReduce_32,10.2501,0.9767,88.0235,0.6399
ColorReduce_16,11.7089,0.9719,87.4456,0.5838
ColorReduce_8,11.6796,0.9718,87.4565,0.5843
ColorReduce_4,11.6676,0.9717,87.4610,0.5846
im_scaled_2.5,19.3286,0.9439,85.2688,0.1914
im_scaled_2,17.8324,0.9460,85.6187,0.2561
im_scaled_1.6,15.1127,0.9524,86.3374,0.3711
im_scaled_1.25,11.9566,0.9598,87.3547,0.4987
im_scaled_0.8,12.3613,0.9626,87.2102,0.4891
im_scaled_0.625,15.0925,0.9545,86.3432,0.3667
im_scaled_0.5,16.8720,0.9483,85.8591,0.2868
im_scaled_0.4,18.7043,0.9414,85.4114,0.1899
im_scaled_0.25,18.0540,0.9367,85.5651,0.1001
im_scaled_0.2,16.8968,0.9418,85.8528,0.0488
GaussNoise_std_0.1,13.0510,0.9592,86.9744,0.4489
GaussNoise_std_0.3,12.8699,0.9571,87.0351,0.4620
GaussNoise_std_0.5,14.3165,0.9512,86.5724,0.4013
GaussNoise_std_0.7,15.6391,0.9471,86.1887,0.3547
GaussNoise_std_0.9,16.5267,0.9440,85.9489,0.3241
GaussNoise_std_1.1,17.2248,0.9408,85.7693,0.2938
SaltPepperNoise_0.02,7.0913,0.9810,89.6235,0.7335
SaltPepperNoise_0.04,7.2784,0.9796,89.5105,0.7268
SaltPepperNoise_0.06,7.6028,0.9785,89.3210,0.7129
SaltPepperNoise_0.08,7.9985,0.9762,89.1007,0.6989
SaltPepperNoise_0.10,8.0616,0.9747,89.0666,0.6973
SaltPepperNoise_0.12,8.6820,0.9724,88.7446,0.6718
SpeckleNoise_0.2,13.8016,0.9564,86.7315,0.4186
SpeckleNoise_0.3,13.5604,0.9568,86.8081,0.4294
SpeckleNoise_0.4,13.9054,0.9565,86.6990,0.4176
SpeckleNoise_0.5,13.6535,0.9572,86.7783,0.4299
SpeckleNoise_0.6,13.7476,0.9572,86.7485,0.4212
SpeckleNoise_0.7,13.4371,0.9575,86.8477,0.4354
GaussBlur_5,12.7906,0.9605,87.0619,0.4799
GaussBlur_7,15.0835,0.9551,86.3458,0.3851
GaussBlur_9,17.0213,0.9521,85.8209,0.3131
GaussBlur_11,18.6513,0.9495,85.4237,0.2550
GaussBlur_13,19.8430,0.9469,85.1547,0.2059
GaussBlur_15,21.1070,0.9442,84.8865,0.1642
ColorReduce_32,9.9353,0.9730,88.1590,0.6201
ColorReduce_16,9.6979,0.9710,88.2640,0.6262
ColorReduce_8,13.1357,0.9607,86.9463,0.4939
ColorReduce_4,13.2063,0.9604,86.9230,0.4891
im_scaled_2.5,23.0748,0.9381,84.4994,0.1608
im_scaled_2,21.6685,0.9405,84.7725,0.2094
im_scaled_1.6,20.0782,0.9429,85.1036,0.2693
im_scaled_1.25,19.0043,0.9464,85.3423,0.3064
im_scaled_0.8,19.1551,0.9470,85.3080,0.2875
im_scaled_0.625,20.1713,0.9426,85.0835,0.2345
im_scaled_0.5,21.3179,0.9371,84.8434,0.1737
im_scaled_0.4,22.2445,0.9295,84.6586,0.1097
im_scaled_0.25,21.4597,0.9267,84.8146,0.0412
im_scaled_0.2,20.3255,0.9279,85.0504,0.0163
GaussNoise_std_0.1,21.3627,0.9426,84.8343,0.2162
GaussNoise_std_0.3,21.8974,0.9383,84.7269,0.2005
GaussNoise_std_0.5,21.3728,0.9343,84.8322,0.2018
GaussNoise_std_0.7,23.7087,0.9294,84.3817,0.1347
GaussNoise_std_0.9,23.3893,0.9267,84.4406,0.1201
GaussNoise_std_1.1,23.1812,0.9256,84.4794,0.1280
SaltPepperNoise_0.02,10.2699,0.9756,88.0151,0.6658
SaltPepperNoise_0.04,11.0107,0.9729,87.7127,0.6427
SaltPepperNoise_0.06,11.8207,0.9699,87.4044,0.6190
SaltPepperNoise_0.08,11.6385,0.9685,87.4718,0.6180
SaltPepperNoise_0.10,11.7210,0.9666,87.4412,0.6173
SaltPepperNoise_0.12,12.1046,0.9639,87.3013,0.5988
SpeckleNoise_0.2,22.7791,0.9384,84.5554,0.1672
SpeckleNoise_0.3,22.3662,0.9381,84.6349,0.1751
SpeckleNoise_0.4,22.6388,0.9385,84.5823,0.1783
SpeckleNoise_0.5,22.1901,0.9391,84.6692,0.1894
SpeckleNoise_0.6,22.7127,0.9377,84.5681,0.1690
SpeckleNoise_0.7,22.9245,0.9377,84.5278,0.1692
GaussBlur_5,18.4471,0.9492,85.4715,0.3333
GaussBlur_7,20.5170,0.9468,85.0097,0.2646
GaussBlur_9,22.5531,0.9445,84.5987,0.2002
GaussBlur_11,24.0307,0.9419,84.3231,0.1561
GaussBlur_13,25.1309,0.9396,84.1287,0.1285
GaussBlur_15,26.3756,0.9367,83.9188,0.0934
ColorReduce_32,11.7019,0.9738,87.4482,0.6247
ColorReduce_16,11.6600,0.9739,87.4638,0.6253
ColorReduce_8,11.9288,0.9736,87.3648,0.6167
ColorReduce_4,12.6924,0.9723,87.0954,0.5931
im_scaled_2.5,27.0148,0.9546,83.8148,0.2712
im_scaled_2,26.6819,0.9539,83.8686,0.2662
im_scaled_1.6,25.1982,0.9545,84.1171,0.2882
im_scaled_1.25,23.0532,0.9564,84.5035,0.3310
im_scaled_0.8,19.7991,0.9559,85.1643,0.3806
im_scaled_0.625,20.9110,0.9495,84.9271,0.3336
im_scaled_0.5,23.3022,0.9437,84.4568,0.2344
im_scaled_0.4,24.8166,0.9384,84.1834,0.1628
im_scaled_0.25,24.0930,0.9314,84.3119,0.0719
im_scaled_0.2,22.7251,0.9332,84.5657,0.0482
GaussNoise_std_0.1,19.9586,0.9558,85.1295,0.3825
GaussNoise_std_0.3,20.5953,0.9452,84.9931,0.3538
GaussNoise_std_0.5,20.8520,0.9385,84.9393,0.3388
GaussNoise_std_0.7,21.0219,0.9352,84.9041,0.3310
GaussNoise_std_0.9,22.0440,0.9318,84.6979,0.2953
GaussNoise_std_1.1,22.3372,0.9305,84.6405,0.2872
SaltPepperNoise_0.02,12.4816,0.9663,87.1681,0.6416
SaltPepperNoise_0.04,12.8391,0.9634,87.0454,0.6300
SaltPepperNoise_0.06,13.7006,0.9599,86.7634,0.6068
SaltPepperNoise_0.08,13.6658,0.9578,86.7745,0.6028
SaltPepperNoise_0.10,14.1181,0.9561,86.6330,0.5898
SaltPepperNoise_0.12,14.4210,0.9552,86.5409,0.5822
SpeckleNoise_0.2,20.9601,0.9499,84.9169,0.3560
SpeckleNoise_0.3,21.4435,0.9489,84.8178,0.3374
SpeckleNoise_0.4,21.3928,0.9496,84.8281,0.3404
SpeckleNoise_0.5,21.5303,0.9493,84.8003,0.3368
SpeckleNoise_0.6,21.5097,0.9493,84.8045,0.3352
SpeckleNoise_0.7,21.3122,0.9495,84.8445,0.3442
GaussBlur_5,22.0634,0.9540,84.6941,0.3374
GaussBlur_7,23.4826,0.9505,84.4233,0.2958
GaussBlur_9,24.5017,0.9477,84.2388,0.2649
GaussBlur_11,25.4057,0.9450,84.0815,0.2397
GaussBlur_13,25.6687,0.9429,84.0368,0.2309
GaussBlur_15,26.4137,0.9405,83.9125,0.2080
ColorReduce_32,14.2139,0.9677,86.6037,0.5918
ColorReduce_16,15.0977,0.9687,86.3417,0.5722
ColorReduce_8,15.0934,0.9687,86.3429,0.5725
ColorReduce_4,15.3375,0.9685,86.2733,0.5642
im_scaled_2.5,21.9926,0.9529,84.7080,0.1889
im_scaled_2,20.6966,0.9536,84.9718,0.2193
im_scaled_1.6,18.6491,0.9557,85.4242,0.2765
im_scaled_1.25,16.5045,0.9583,85.9548,0.3391
im_scaled_0.8,15.2790,0.9581,86.2898,0.3735
im_scaled_0.625,16.9104,0.9540,85.8493,0.3151
im_scaled_0.5,17.8367,0.9490,85.6177,0.2582
im_scaled_0.4,19.0037,0.9426,85.3424,0.1815
im_scaled_0.25,18.7306,0.9380,85.4053,0.0885
im_scaled_0.2,16.5401,0.9462,85.9454,0.0683
GaussNoise_std_0.1,14.9560,0.9588,86.3827,0.3787
GaussNoise_std_0.3,14.9411,0.9556,86.3870,0.3861
GaussNoise_std_0.5,15.2900,0.9504,86.2867,0.3660
GaussNoise_std_0.7,15.6338,0.9457,86.1901,0.3500
GaussNoise_std_0.9,16.2951,0.9434,86.0102,0.3337
GaussNoise_std_1.1,18.2998,0.9396,85.5063,0.2462
SaltPepperNoise_0.02,7.3528,0.9806,89.4663,0.7263
SaltPepperNoise_0.04,7.4665,0.9787,89.3996,0.7212
SaltPepperNoise_0.06,7.8421,0.9768,89.1865,0.7070
SaltPepperNoise_0.08,8.5072,0.9736,88.8329,0.6860
SaltPepperNoise_0.10,8.1765,0.9726,89.0052,0.6911
SaltPepperNoise_0.12,8.9031,0.9702,88.6354,0.6646
SpeckleNoise_0.2,16.1688,0.9545,86.0440,0.3392
SpeckleNoise_0.3,16.3738,0.9546,85.9893,0.3293
SpeckleNoise_0.4,16.3402,0.9547,85.9982,0.3312
SpeckleNoise_0.5,15.9468,0.9543,86.1041,0.3401
SpeckleNoise_0.6,16.5105,0.9537,85.9532,0.3205
SpeckleNoise_0.7,16.2597,0.9543,86.0197,0.3305
GaussBlur_5,14.8424,0.9585,86.4158,0.3870
GaussBlur_7,16.1473,0.9557,86.0498,0.3369
GaussBlur_9,17.9681,0.9521,85.5858,0.2673
GaussBlur_11,19.0467,0.9496,85.3326,0.2289
GaussBlur_13,20.0273,0.9471,85.1146,0.1996
GaussBlur_15,20.7291,0.9451,84.9650,0.1760
ColorReduce_32,9.0609,0.9740,88.5591,0.6632
ColorReduce_16,19.0850,0.9586,85.3239,0.2964
ColorReduce_8,18.7824,0.9590,85.3933,0.3052
ColorReduce_4,18.6832,0.9591,85.4163,0.3090
